A = [1 -6-2m -4+3m 3+m -m -m 0 0 0; 0 -3 1 0 -1 0 1 0 -1; 0 1 2 1 0 -1 0 1 4]
A

A(3,:) = A(3,:)*1/2
